%YAML:1.0
---
R1: !!opencv-matrix
   rows: 3
   cols: 3
   dt: d
   data: [ 9.9856327128509059e-01, 7.1158515591768440e-03,
       5.3110807723158425e-02, -7.2560284931993341e-03,
       9.9997068076123419e-01, 2.4469712748188617e-03,
       -5.3091838270344555e-02, -2.8288291750598370e-03,
       9.9858562699178377e-01 ]
P1: !!opencv-matrix
   rows: 3
   cols: 4
   dt: d
   data: [ 2.5775464311641754e+03, 0., 4.9431887817382812e+02, 0., 0.,
       2.5775464311641754e+03, 5.1132640838623047e+02, 0., 0., 0., 1.,
       0. ]
R2: !!opencv-matrix
   rows: 3
   cols: 3
   dt: d
   data: [ 9.9742139388442697e-01, -1.4641144911725138e-04,
       -7.1767273776662949e-02, -4.3094208239385714e-05,
       9.9999651689793234e-01, -2.6390026321898891e-03,
       7.1767410184122860e-02, 2.6352904377044181e-03,
       9.9741791345442199e-01 ]
P2: !!opencv-matrix
   rows: 3
   cols: 4
   dt: d
   data: [ 2.5775464311641754e+03, 0., 8.3547624969482422e+02,
       -1.0159077912365652e+06, 0., 2.5775464311641754e+03,
       5.1132640838623047e+02, 0., 0., 0., 1., 0. ]
Q: !!opencv-matrix
   rows: 4
   cols: 4
   dt: d
   data: [ 1., 0., 0., -4.9431887817382812e+02, 0., 1., 0.,
       -5.1132640838623047e+02, 0., 0., 0., 2.5775464311641754e+03, 0.,
       0., 2.5371854152499216e-03, 8.6557950732807021e-01 ]
R: !!opencv-matrix
   rows: 3
   cols: 3
   dt: d
   data: [ 9.9217841888519398e-01, 6.8513918923315490e-03,
       1.2463965471556059e-01, -7.5421167290096475e-03,
       9.9995870113267493e-01, 5.0707498754861717e-03,
       -1.2459976554441209e-01, -5.9711354189503794e-03,
       9.9218911703771784e-01 ]
T: !!opencv-matrix
   rows: 3
   cols: 1
   dt: d
   data: [ -3.9312120741722686e+02, 5.7706247339710623e-02,
       2.8286176227127928e+01 ]
S: !!opencv-matrix
   rows: 2
   cols: 1
   dt: d
   data: [ 1280., 1024. ]
