%YAML:1.0
---
R1: !!opencv-matrix
   rows: 3
   cols: 3
   dt: d
   data: [ 9.9775655182670342e-01, -1.6484580683835670e-04,
       -6.6946516808173026e-02, 5.0348877799581259e-04,
       9.9998716445422264e-01, 5.0415697807130446e-03,
       6.6944826431453650e-02, -5.0639661001367804e-03,
       9.9774382807482165e-01 ]
P1: !!opencv-matrix
   rows: 3
   cols: 4
   dt: d
   data: [ 2.5859258850820252e+03, 0., 8.2524203491210938e+02, 0., 0.,
       2.5859258850820252e+03, 5.1124800109863281e+02, 0., 0., 0., 1.,
       0. ]
R2: !!opencv-matrix
   rows: 3
   cols: 3
   dt: d
   data: [ 9.7005813481287628e-01, 3.4052063261805592e-03,
       -2.4284896469460160e-01, -4.6422051084041172e-03,
       9.9997900216083435e-01, -4.5216334607496075e-03,
       2.4282846829623417e-01, 5.5136020257181857e-03,
       9.7005357335438280e-01 ]
P2: !!opencv-matrix
   rows: 3
   cols: 4
   dt: d
   data: [ 2.5859258850820252e+03, 0., 1.3279828333854675e+03,
       -8.8189455777541141e+05, 0., 2.5859258850820252e+03,
       5.1124800109863281e+02, 0., 0., 0., 1., 0. ]
Q: !!opencv-matrix
   rows: 4
   cols: 4
   dt: d
   data: [ 1., 0., 0., -8.2524203491210938e+02, 0., 1., 0.,
       -5.1124800109863281e+02, 0., 0., 0., 2.5859258850820252e+03, 0.,
       0., 2.9322393048949653e-03, 1.4741563294578595e+00 ]
Rlr: !!opencv-matrix
   rows: 3
   cols: 3
   dt: d
   data: [ 9.8413563202686838e-01, -6.0317306706815978e-03,
       1.7731518829528570e-01, 4.2701522587116555e-03,
       9.9993768485684364e-01, 1.0314659607711928e-02,
       -1.7736635412265678e-01, -9.3938612003745901e-03,
       9.8410006188242072e-01 ]
Tlr: !!opencv-matrix
   rows: 3
   cols: 1
   dt: d
   data: [ -3.3082502277133352e+02, -1.1612989159841212e+00,
       8.2820308795806355e+01 ]
Rlc: !!opencv-matrix
   rows: 3
   cols: 3
   dt: d
   data: [ 9.9309735667256038e-01, -1.9826345566004488e-02,
       -1.1560517372276544e-01, 1.9204723594057449e-02,
       9.9979451746453285e-01, -6.4885622088314250e-03,
       1.1571006335513456e-01, 4.2236085708072411e-03,
       9.9327405199622087e-01 ]
Tlc: !!opencv-matrix
   rows: 3
   cols: 1
   dt: d
   data: [ 8.3774564697698338e+01, 1.2303545000938319e-01,
       1.7921774333404080e+01 ]
E: !!opencv-matrix
   rows: 3
   cols: 3
   dt: d
   data: [ -1.4767997389691223e-01, -8.2804238755578595e+01,
       -1.9970976289182945e+00, 2.2829188799924957e+01,
       -3.6072741422436563e+00, 3.4025022403032472e+02,
       -2.6979757557119455e-01, -3.3081141200496916e+02,
       -3.2064315636450171e+00 ]
S: !!opencv-matrix
   rows: 2
   cols: 1
   dt: d
   data: [ 1280., 1024. ]
