%YAML:1.0
---
R1: !!opencv-matrix
   rows: 3
   cols: 3
   dt: d
   data: [ 9.7814518744100476e-01, 3.6637254660761352e-03,
       2.0789076314668431e-01, -2.9261405117664225e-03,
       9.9998828690858421e-01, -3.8553530759749210e-03,
       -2.0790245305841626e-01, 3.1627774730851915e-03,
       9.7814445091251656e-01 ]
P1: !!opencv-matrix
   rows: 3
   cols: 4
   dt: d
   data: [ 2.5324892742346128e+03, 0., 6.6545080184936523e+01, 0., 0.,
       2.5324892742346128e+03, 5.1168098449707031e+02, 0., 0., 0., 1.,
       0. ]
R2: !!opencv-matrix
   rows: 3
   cols: 3
   dt: d
   data: [ 9.9990178246916461e-01, -1.1814903295345733e-03,
       -1.3965296115327916e-02, 1.2307592851195422e-03,
       9.9999304778353670e-01, 3.5198886595393178e-03,
       1.3961040311154041e-02, -3.5367308626297459e-03,
       9.9989628506572392e-01 ]
P2: !!opencv-matrix
   rows: 3
   cols: 4
   dt: d
   data: [ 2.5324892742346128e+03, 0., 6.7846299743652344e+02,
       -1.2009862274952021e+06, 0., 2.5324892742346128e+03,
       5.1168098449707031e+02, 0., 0., 0., 1., 0. ]
Q: !!opencv-matrix
   rows: 4
   cols: 4
   dt: d
   data: [ 1., 0., 0., -6.6545080184936523e+01, 0., 1., 0.,
       -5.1168098449707031e+02, 0., 0., 0., 2.5324892742346128e+03, 0.,
       0., 2.1086747010549962e-03, 1.2903358312306858e+00 ]
R: !!opencv-matrix
   rows: 3
   cols: 3
   dt: d
   data: [ 9.9197662480118398e-01, 1.4897285859113221e-03,
       1.2641264397516158e-01, 4.2781926920614031e-03,
       9.9896227276596483e-01, -4.5343959438361128e-02,
       -1.2634901232435580e-01, 4.5520965488425949e-02,
       9.9094085029615153e-01 ]
T: !!opencv-matrix
   rows: 3
   cols: 1
   dt: d
   data: [ -2.3806464560180297e+02, 2.7625253800483247e+01,
       6.3913034021032445e+01 ]
S: !!opencv-matrix
   rows: 2
   cols: 1
   dt: d
   data: [ 1280., 1024. ]
