%YAML:1.0
---
M1: !!opencv-matrix
   rows: 3
   cols: 3
   dt: d
   data: [ 2.5359827726481658e+03, 0., 6.3950000000000000e+02, 0.,
       2.5356179663649555e+03, 5.1150000000000000e+02, 0., 0., 1. ]
D1: !!opencv-matrix
   rows: 1
   cols: 5
   dt: d
   data: [ -6.9639391822587146e-02, 2.5307968308801043e-01,
       1.0678751283113327e-03, 1.7255746586420622e-03,
       3.1204612702405521e-01 ]
M2: !!opencv-matrix
   rows: 3
   cols: 3
   dt: d
   data: [ 2.6403714563318053e+03, 0., 6.3950000000000000e+02, 0.,
       2.6362338037990949e+03, 5.1150000000000000e+02, 0., 0., 1. ]
D2: !!opencv-matrix
   rows: 1
   cols: 5
   dt: d
   data: [ -8.0911447539526685e-02, 4.8354025434901043e-01,
       1.7939804281593875e-04, 3.8358891302570748e-04,
       -1.3369635250638683e+00 ]
M3: !!opencv-matrix
   rows: 3
   cols: 3
   dt: d
   data: [ 2.5468362883068107e+03, 0., 6.3950000000000000e+02, 0.,
       2.5469615033304231e+03, 5.1150000000000000e+02, 0., 0., 1. ]
D3: !!opencv-matrix
   rows: 1
   cols: 5
   dt: d
   data: [ -4.9042644312771187e-02, -1.7530731346000022e-01,
       -4.6369829466298214e-05, -1.4909784760271285e-03,
       3.3177991962461668e+00 ]
M4: !!opencv-matrix
   rows: 3
   cols: 3
   dt: d
   data: [ 2.7724127554873621e+03, 0., 9.5950000000000000e+02, 0.,
       2.7939233188945168e+03, 5.3950000000000000e+02, 0., 0., 1. ]
D4: !!opencv-matrix
   rows: 1
   cols: 5
   dt: d
   data: [ -6.2268583443277722e-02, -4.5005222649202092e-02,
       -1.6093738283858329e-03, 1.3173439222652226e-03,
       4.1660940475221692e-01 ]
K1: !!opencv-matrix
   rows: 8
   cols: 1
   dt: d
   data: [ -4.6703671105206013e-03, -9.0323686890769750e-05,
       -1.9868728704750538e-03, 9.9998599290847778e-01,
       1.2674929621425690e-06, -7.8144393000911805e-07,
       -1.7386706531397067e-05, 1.4800655189901590e-03 ]
K3: !!opencv-matrix
   rows: 8
   cols: 1
   dt: d
   data: [ 4.6058855950832367e-03, 9.4252434791997075e-05,
       1.9701938144862652e-03, -9.9998629093170166e-01,
       -1.2795095472029061e-06, 8.2120800470875110e-07,
       1.7205149561050348e-05, -1.5264535322785378e-03 ]
K2: !!opencv-matrix
   rows: 8
   cols: 1
   dt: d
   data: [ -6.6760685294866562e-03, -1.5546291251666844e-04,
       -1.3405861100181937e-03, -9.9997681379318237e-01,
       -2.4514588403690141e-06, -1.0229351801172015e-06,
       -2.1305850168573670e-05, 4.2150124500039965e-05 ]