%YAML:1.0
---
M1: !!opencv-matrix
   rows: 3
   cols: 3
   dt: d
   data: [ 2.5518801440065763e+03, 0., 6.3950000000000000e+02, 0.,
       2.5510171612693844e+03, 5.1150000000000000e+02, 0., 0., 1. ]
D1: !!opencv-matrix
   rows: 1
   cols: 5
   dt: d
   data: [ -3.5959073547005282e-02, -2.7142061431110964e-01,
       -1.7617599987859937e-03, 1.5281083701210174e-03,
       3.2473929652836677e+00 ]
M2: !!opencv-matrix
   rows: 3
   cols: 3
   dt: d
   data: [ 2.5150535796524418e+03, 0., 6.3950000000000000e+02, 0.,
       2.5139613871998408e+03, 5.1150000000000000e+02, 0., 0., 1. ]
D2: !!opencv-matrix
   rows: 1
   cols: 5
   dt: d
   data: [ -5.2410598528795073e-02, -1.0586079135159385e-01,
       8.9150856296493468e-05, 2.1402084691515629e-03,
       2.5002560559914331e+00 ]
M3: !!opencv-matrix
   rows: 3
   cols: 3
   dt: d
   data: [ 2.8544137080466949e+03, 0., 9.5950000000000000e+02, 0.,
       2.8828248512386799e+03, 5.3950000000000000e+02, 0., 0., 1. ]
D3: !!opencv-matrix
   rows: 1
   cols: 5
   dt: d
   data: [ -1.3862682901745089e-02, -1.0149774536470775e+00,
       -2.9092034107766894e-04, 8.0747218044555386e-03,
       9.1657937661766340e+00 ]       
