%YAML:1.0
---
M1: !!opencv-matrix
   rows: 3
   cols: 3
   dt: d
   data: [ 2.5461040777846597e+03, 0., 6.3950000000000000e+02, 0.,
       2.5474096964777882e+03, 5.1150000000000000e+02, 0., 0., 1. ]
D1: !!opencv-matrix
   rows: 1
   cols: 5
   dt: d
   data: [ -3.4416856692527822e-02, -5.4921569725614283e-01,
       2.6962838543285713e-04, 1.0463365854571566e-03,
       6.5305531460982200e+00 ]
M2: !!opencv-matrix
   rows: 3
   cols: 3
   dt: d
   data: [ 2.6094983458628203e+03, 0., 6.3950000000000000e+02, 0.,
       2.6076831658505630e+03, 5.1150000000000000e+02, 0., 0., 1. ]
D2: !!opencv-matrix
   rows: 1
   cols: 5
   dt: d
   data: [ -5.0043179637533450e-02, -1.3624744303534558e-01,
       -2.1986353186525319e-03, -1.3327704372456768e-03,
       2.9884254776867700e+00 ]
